0 0.8953125 0.83671875 0.18828125 0.1015625
0 0.41796875 0.5625 0.07578125 0.1015625
0 0.70390625 0.27578125 0.05078125 0.11875
0 0.75703125 0.19921875 0.09140625 0.1015625
0 0.5984375 0.5 0.084375 0.0984375
0 0.53984375 0.6515625 0.065625 0.1171875
0 0.9265625 0.590625 0.04921875 0.0546875
0 0.06953125 0.62421875 0.09296875 0.103125
0 0.8109375 0.64140625 0.11171875 0.121875
0 0.89921875 0.284375 0.04765625 0.0640625
0 0.353125 0.20234375 0.08984375 0.0671875
0 0.5 0.45859375 0.99375 0.8984375
0 0.80546875 0.35546875 0.09921875 0.08125
0 0.54921875 0.1765625 0.13359375 0.1125
0 0.64921875 0.6546875 0.06796875 0.1203125
0 0.77734375 0.10703125 0.05703125 0.0546875
0 0.9765625 0.12578125 0.04453125 0.1015625
0 0.65390625 0.14921875 0.07421875 0.0859375
0 0.34140625 0.6671875 0.13984375 0.1546875
0 0.5984375 0.07265625 0.16328125 0.0859375
0 0.73828125 0.60703125 0.05078125 0.0625
0 0.46484375 0.15546875 0.10625 0.0953125
0 0.47734375 0.775 0.11015625 0.084375
0 0.34765625 0.56875 0.05546875 0.0515625
0 0.77890625 0.053125 0.04453125 0.059375
0 0.4640625 0.35703125 0.065625 0.096875
0 0.50625 0.403125 0.09375 0.0984375
0 0.95078125 0.76328125 0.09609375 0.0828125
0 0.55078125 0.13203125 0.27890625 0.2046875
0 0.17734375 0.65703125 0.06796875 0.1125